# TSP INSTANCE: test-ring-square36.tsp 
# Population size: 10 
# Number of generations: 10 
# Elitist strategy: ON 
# Number of elites: 1 
# Hillclimbing: OFF 
# Selection type: Rank 
# Tournament size: 0 
# Crossover type: OX 
# Crossover probability: 0.9 
# Mutation type: 2-swap 
# Mutation probability: 0.01 
# Seed: None 
# GEN\POP_NR 	 tour length 
GEN 0
1 	 231.8759773814221
2 	 213.12914180721495
3 	 243.21494643392316
4 	 232.36211568990313
5 	 230.3916213655047
6 	 235.0183743977772
7 	 238.59044906461327
8 	 216.25131702934146
9 	 203.89245126862215
10 	 228.3835058187058
BEST TOUR: 203.89245126862215, AVG_TOUR: 227.3109900257028
GEN 1
1 	 203.89245126862215
2 	 211.40919493097698
3 	 222.71977209456
4 	 228.86642777070807
5 	 228.98990535532843
6 	 231.8759773814221
7 	 250.3172372594129
8 	 238.59044906461327
9 	 253.9764741095969
10 	 281.0305321268697
BEST TOUR: 203.89245126862215, AVG_TOUR: 235.16684213621107
GEN 2
1 	 203.89245126862215
2 	 203.89245126862215
3 	 209.97549708024474
4 	 211.40919493097698
5 	 227.79546868862565
6 	 245.6373698909471
7 	 252.9185257150687
8 	 253.22757812794296
9 	 264.2363266293625
10 	 265.91332795790953
BEST TOUR: 203.89245126862215, AVG_TOUR: 233.88981915583227
GEN 3
1 	 203.89245126862215
2 	 203.89245126862215
3 	 207.34234532519747
4 	 208.68832983186047
5 	 209.97549708024474
6 	 211.40919493097698
7 	 235.67055269558625
8 	 237.19520741743784
9 	 237.84845814249337
10 	 242.31713893966065
BEST TOUR: 203.89245126862215, AVG_TOUR: 219.8231626900702
GEN 4
1 	 204.77087776967943
2 	 197.8134026205328
3 	 203.89245126862215
4 	 203.89245126862215
5 	 209.41873670392238
6 	 209.97549708024474
7 	 211.40919493097698
8 	 220.78266731961196
9 	 225.66279826457207
10 	 227.76599319851724
BEST TOUR: 197.8134026205328, AVG_TOUR: 211.5384070425302
GEN 5
1 	 204.77087776967943
2 	 204.59596546354396
3 	 211.40919493097698
4 	 211.40919493097698
5 	 216.19586125270317
6 	 218.65071344399593
7 	 217.49977199095161
8 	 222.05752875539173
9 	 229.10953202916517
10 	 233.37020935857475
BEST TOUR: 204.59596546354396, AVG_TOUR: 216.906884992596
GEN 6
1 	 204.77087776967943
2 	 204.59596546354396
3 	 205.39327172576293
4 	 206.16119605335447
5 	 211.40919493097698
6 	 217.49977199095161
7 	 219.5322756101693
8 	 224.0235465295226
9 	 226.51121745166327
10 	 229.10953202916517
BEST TOUR: 204.59596546354396, AVG_TOUR: 214.90068495547894
GEN 7
1 	 204.77087776967943
2 	 210.7623235755762
3 	 213.58665503995383
4 	 218.56933047529935
5 	 227.85060815043704
6 	 229.10953202916517
7 	 229.10953202916517
8 	 229.9864264035475
9 	 231.58958710811362
10 	 250.2239603840673
BEST TOUR: 204.77087776967943, AVG_TOUR: 224.55588329650044
GEN 8
1 	 194.252441886448
2 	 204.77087776967943
3 	 213.4092502564582
4 	 213.58665503995383
5 	 217.73124399222803
6 	 217.97869245724945
7 	 220.70108312978672
8 	 225.85815916407418
9 	 228.97524935362384
10 	 234.02492904725324
BEST TOUR: 194.252441886448, AVG_TOUR: 217.12885820967549
GEN 9
1 	 194.252441886448
2 	 194.252441886448
3 	 194.252441886448
4 	 204.35103451914543
5 	 204.77087776967943
6 	 216.79937049375602
7 	 219.09374699076128
8 	 219.3820521709217
9 	 220.00120901089568
10 	 228.56505689868067
BEST TOUR: 194.252441886448, AVG_TOUR: 209.5720673513184
GEN 10
1 	 193.44331351435233
2 	 194.252441886448
3 	 194.252441886448
4 	 194.252441886448
5 	 194.252441886448
6 	 204.5983239660476
7 	 205.98569455523403
8 	 213.8693982715066
9 	 216.04248774248788
10 	 233.41152635617112
BEST TOUR: 193.44331351435233, AVG_TOUR: 204.43605119515914
